7631
4901
7741
2682
1096
8312
8830
5877
4269
0431
8842
4627
0790
3558
5746
3970
5578
6604
6630
7263
8183
7113
3806
7111
9861
3343
8119
4726
6477
3869
2513
9293
9211
9132
5140
1283
8531
4776
6412
9276
3812
2089
8828
7514
0862
0835
3236
7641
4252
8251
0901
0471
5819
2170
5745
1470
0519
0382
8787
7198
0703
0710
7806
9297
5826
2997
6723
2230
6750
5621
3500
8717
5912
0604
9385
9957
7578
7020
9376
0471
1787
9970
6506
4535
8506
4524
5514
3956
4528
9291
0962
8647
0776
4590
3824
2731
3031
8203
4563
5404
4253
0756
9291
3200
0785
7865
8244
7603
7346
6723
5737
3367
1143
0523
7527
9467
5929
8261
3944
5097
7289
1776
4221
2085
1340
6684
1386
0253
8094
4498
9404
2188
8739
3514
1809
6109
3950
3430
7221
1685
7745
7878
7535
5428
9596
9361
4309
4298
9116
3484
3312
3141
2175
7227
3168
2817
6664
8103
9193
8045
0066
8912
0945
7859
2998
7475
3791
4478
5975
9426
3828
2494
0749
4533
0395
7791
5844
5397
7637
2962
0521
3595
0170
5291
3614
2849
0885
0315
6957
0115
9658
2809
2119
1785
8214
5787
5881
2704
6044
0229
4829
7280
4925
2381
4915
8742
9609
4960
1564
4064
8142
3870
3973
8788
5227
0589
8899
9094
0609
5946
1896
6746
3170
5655
2854
0617
8489
3443
6531
4034
3083
2758
4675
9654
7762
8375
7492
5411
7776
6631
3649
5525
6574
2104
6889
9600
3030
1193
0107
5579
8934
1244
2381
4322
0989
1915
4710
7862
1188
8763
3046
8826
8888
4027
6276
6557
9394
9943
6314
5450
6920
8459
5013
2797
0967
0581
3205
5717
7992
3830
3434
0054
9352
5462
3130
1546
1482
0787
4946
0943
2229
7432
6890
1598
7052
9312
2068
8875
8915
7440
6191
0611
8477
0665
8736
8532
6479
2810
6731
9811
5405
2810
2635
7404
3719
8531
2028
9585
8020
9248
7722
9446
5666
4310
8155
1887
3838
7579
9122
9017
7467
6072
6733
3507
9871
5315
4524
9567
2080
9356
4834
9481
6007
2540
9368
5599
1798
7105
2511
0328
1744
1981
4828
7559
4549
8263
5141
4452
7439
2130
3625
8469
4494
2690
2946
6659
9882
3509
4390
7720
2770
0026
5485
0019
0633
9722
2663
1850
4161
7238
7363
3791
9464
3305
7123
4628
4947
1806
4715
4922
7948
8764
1217
5274
9944
7886
7958
0567
0186
4152
3836
6417
0146
5950
4549
6308
2223
2943
9567
5909
4029
0729
6061
0772
6831
2971
6885
0209
3099
9209
0590
2042
0692
5365
0047
8568
7474
9738
1130
8929
3453
1150
4132
4581
9392
3030
6715
3809
8681
7196
7480
7692
0253
5700
2323
7714
6279
2980
1649
4133
2125
2700
4469
3810
3045
4317
8301
4373
7772
8052
7441
6950
3877
2818
4093
7141
2602
1047
3923
5137
0440
3120
8335
3274
7491
9404
0063
0017
5150
5431
2731
6092
0046
0728
7562
2615
6440
3246
8466
3265
4778
1777
0368
2845
7744
4838
9515
7983
1345
0349
4213
8393
7517
6024
0333
3782
0032
0659
4478
2901
2136
5680
6022
7851
6568
6648
2067
6383
2394
5098
1041
3660
4875
1824
4841
3912
0815
6030
3707
1157
0398
5280
5977
4356
1664
1551
3659
6335
9139
3844
6769
2255
0549
6871
4697
9169
0289
9922
2115
8220
3686
2314
9822
5194
1080
7158
4066
6466
3282
1985
6338
0666
1434
9080
7510
2168
1654
4336
3095
4520
4249
5041
5989
5528
7195
7499
9539
6979
0386
1353
6136
1904
7357
4898
3283
3801
2564
6119
0864
2184
4725
7295
5547
3928
5522
3125
2264
0694
2048
6097
3601
2046
2375
5344
2691
7218
5529
4173
6232
4323
5922
7928
7887
1547
0309
7705
5219
7875
0887
7574
0665
8065
3461
3741
2670
5767
6189
8023
2279
8990
1017
4489
1217
8938
3273
0210
4627
5930
4118
2931
1204
1342
5614
4356
1764
2887
8970
8742
4591
5210
4095
2089
6833
9140
0008
5212
6183
6527
9223
1823
8661
5675
7713
1202
9450
2253
3722
1418
2335
6948
7600
9516
5595
0917
9475
4035
5011
1083
4955
5352
8975
9283
1874
9130
4615
3626
9198
1806
4799
1278
1695
7891
8533
0744
7272
7850
7675
3389
2540
8272
0563
9439
0982
3384
1978
8402
1217
4200
0255
3336
0285
3294
9347
7364
8388
0994
9740
8271
9714
9898
0249
9289
7630
0268
2017
6464
6416
8566
1824
1695
1173
8046
7839
8673
1383
8090
5329
6390
5381
7799
0496
7272
5647
3547
5030
5279
8257
3630
7833
9033
8101
1275
1771
0377
9533
9346
5793
4172
0948
3295
7848
7466
1011
3510
3384
5025
3541
8848
4308
9667
7820
5410
6774
0574
7756
2146
2857
7405
0234
6394
2972
3797
2544
3014
5995
4228
1922
7342
8426
0748
3456
9752
3115
5407
1063
5004
3781
1621
4351
2988
5560
8214
2953
6031
2561
1947
6363
9395
6006
1938
4600
9058
9042
4805
1209
4815
7297
2101
0102
0311
6829
7154
4311
9766
2512
4375
7920
7909
8958
0143
4269
9590
6940
3614
3241
3322
9438
1510
5019
1382
2233
3807
3846
6128
7358
0923
3266
1128
2011
4824
5102
3860
0384
1017
5064
0320
4984
0405
6318
8151
3694
3196
2520
8145
3253
4419
9942
8907
4337
1949
7151
8912
5075
3449
7493
0998
0524
7291
4740
7243
3190
7512
2796
1782
8122
2840
7320
9847
3575
9196
4580
3415
4848
9909
5968
2815
0907
4892
8458
3362
0639
9928
2157
5400
8992
8649
0033
9509
0108
3371
0475
7959
9563
6816
5120
1026
6406
5606
7333
2197
5270
3531
6629
6433
7800
7455
5056
6213
0729
2876
5303
1037
4139
8102
9542
1307
6821
5633
6279
3543
0409
3226
5621
3419
5016
6559
5371
7461
5073
7138
5096
7045
7380
6062
3234
6875
9843
0463
2918
6961
2522
7283
9143
1686
1821
3998
3311
3199
6266
2352
6885
5930
9576
1420
6241
4340
5001
7640
2659
8337
0066
8717
2862
2001
5110
0365
6442
7923
5731
8930
0352
3766
9286
8210
8409
7806
5947
7841
8964
1516
7939
2626
9250
0260
4083
0018
4889
8161
2377
1505
0870
3248
2024
0357
4844
6191
3423
8166
5614
3295
5272
7078
7293
6948
2462
3131
8936
9312
3831
5270
1066
5611
8233
2241
9455
4720
3963
7899
2108
7944
4508
7496
4673
3544
1454
1722
1283
9439
4190
2800
0484
4550
6362
5753
6299
5311
4856
3222
0838
1819
8575
5185
9675
6885
5852
2179
3104
7559
2239
4345
4133
8116
7415
8197
5514
6298
2751
9189
5299
0944
1829
3855
3972
3808
9531
3701
8348
9058
5983
7783
5083
2818
0091
8560
4623
4918
2931
9634
3833
5206
7164
3620
3370
9361
7332
5097
8954
4461
9192
1930
5993
7005
8825
4124
5144
0226
1513
8541
3596
3318
1945
3244
4729
3030
9428
2369
6025
6858
7048
0109
1766
3537
8956
0371
8641
2776
7635
1349
4482
9148
0621
5879
4527
7820
2793
0327
2953
5418
4896
4776
1974
2771
9449
0042
7101
6282
4765
4618
7634
1237
0596
5829
6015
3634
6216
0351
5328
1156
9403
7103
1990
2473
5699
3363
4458
8913
9129
7121
4438
3477
6586
6061
1028
0095
6046
5230
8591
2994
8264
0306
6497
7786
9013
5593
8900
5239
1116
2419
3788
5911
5866
7051
5148
9488
6554
6823
5775
1998
2249
8250
5985
2200
9794
0611
1054
3308
3402
6827
4261
9555
8572
8034
0566
4410
7113
7803
7055
9700
0989
5768
5335
5081
2503
4207
4913
6310
3663
7661
0769
4826
3206
1817
9235
6954
4271
6446
8483
5396
1504
4865
5853
1867
0755
8967
7862
1820
3730
1215
4594
5851
7815
6872
4061
6780
8229
3861
6239
9593
3855
0593
7842
7121
8534
9713
3808
6935
3593
4301
8547
2688
8227
0384
7260
1583
0368
5997
1508
3652
6665
1214
0083
9663
8506
1730
5488
5731
4750
3495
8396
7766
3965
4534
1487
4254
8302
9378
7724
6432
9691
2440
8014
4019
9893
6118
2958
6226
2668
9375
3946
3676
2645
3873
1331
4082
1832
0804
6697
2172
8203
5462
7638
2056
7608
9818
2704
9518
5196
4562
2618
2579
6808
0885
4584
6636
3998
6823
6317
3929
3435
9988
5011
0794
5890
4752
9163
1297
9999
7967
8944
5845
4425
5355
2008
8751
4962
1963
9445
5612
8932
2694
4006
5651
4120
3683
4937
7780
6886
1380
0096
8522
1413
8615
3904
3563
4589
9812
2633
2494
0799
4264
7920
9454
4095
5639
6094
8583
2878
0548
5974
3756
5826
8521
9507
2412
6472
4001
8610
0959
1550
9807
7207
9222
1607
5232
9238
9808
7416
5783
7656
2700
2207
7375
1339
2475
6838
5774
9384
1631
1477
6821
4553
5993
9968
6439
6551
5996
2375
1775
3267
2237
8413
2415
3771
3638
6334
5173
0532
6925
8178
0978
2285
3574
2615
6941
0244
6319
8601
9005
2465
5278
8613
8996
2425
3425
2408
0979
2940
0531
3781
3622
0648
0249
9421
0153
0599
2934
0593
9542
5169
3639
9893
4637
5755
7472
1611
8637
2853
2512
2060
3841
1544
0428
4545
6613
9412
8602
7071
1147
1308
0626
0425
7012
7825
7173
4908
0162
7561
2348
3519
1487
3548
8282
6305
7392
3536
7018
4248
7794
4297
4310
4493
8113
9084
8335
7647
9180
2989
4808
1792
4250
0902
1478
2299
5501
9651
4397
4373
5575
3720
6610
7606
9818
6803
6104
1898
8971
5607
9552
3349
9485
7781
5840
5427
4967
5718
3172
6132
8708
1304
1769
5530
1703
1831
1983
3889
1159
7632
2246
9702
2192
1606
2427
1371
0238
0903
0719
8667
8179
2464
6861
6024
8805
5641
4628
7449
3502
7346
3411
0044
9309
3308
2074
8615
6871
5227
6862
6636
0248
1168
4469
8013
5085
7984
6022
6748
6894
6108
3739
4754
9359
7262
5795
8003
7055
8649
9029
6443
0604
0232
0047
2468
9497
9202
5945
4692
2967
6127
7433
3436
9152
5709
1775
3643
7492
8608
1345
7727
2350
3897
6124
6269
0372
7970
7040
1344
5033
2586
6544
2911
7587
9809
4310
5879
7043
2384
9270
4170
3415
4065
7322
2703
5407
0894
1200
6821
0631
9547
0195
1469
1455
8482
9344
8582
3281
6542
0631
6124
4470
6184
9375
5293
1835
6197
0470
9176
4424
4515
7602
4539
7674
2174
3556
0480
8881
8534
5079
7454
3061
3252
5653
8906
7899
9182
8243
3939
4671
0128
6186
4067
3763
4683
6844
8261
7215
6924
0643
9968
3873
8663
4545
5467
7220
7391
4610
7814
6159
3145
0910
6686
3589
0545
1703
9789
9783
1355
0130
7786
3070
3452
1330
0228
4306
7056
6975
3442
2420
4751
9598
6169
6963
0328
8078
6610
7765
9832
0276
1876
3092
0789
1912
9193
6336
7496
1596
1736
7240
0319
7671
6119
3741
5922
4078
1581
5671
7444
2687
3077
4654
5521
3212
4408
4605
6447
1465
3688
6526
4535
5888
7218
7760
4137
4140
9364
3440
2486
5904
5212
6515
8148
1842
9940
8912
2543
4055
5597
1459
8012
2717
4885
7703
3699
0855
9713
3671
7953
7446
1411
0568
6882
1078
2479
9997
5680
8337
6578
6061
1348
9787
4914
1558
1992
1439
4116
0605
1947
0821
0113
5781
4561
8051
5733
4212
7672
3144
4937
3909
8561
0894
0987
5958
9166
8643
9645
3113
1812
9811
9714
9058
6032
2369
6167
7665
9436
9183
4078
0032
1293
7380
9959
9467
4337
5690
0747
9198
5159
9914
7104
5718
1353
0411
5906
6118
0474
7355
2663
3149
4380
5165
4144
9387
9724
1617
8917
2085
4340
5928
2239
3228
2703
9497
3181
9060
6610
0065
7193
9404
2651
3697
8305
3881
6904
6015
6459
4727
9026
3625
1602
8734
9142
1451
9220
9393
0277
0878
2971
4095
7670
0116
1411
6594
1895
4699
6376
8343
2628
6074
9360
7931
9211
9053
0768
7241
2765
3735
3077
9216
8487
4754
8965
5833
5090
6104
0912
4322
5618
1468
7954
5469
9422
9643
0469
7223
9372
2073
8848
8147
5541
6314
1251
8771
0106
2887
0203
5441
1966
9887
0286
9718
8434
4884
8418
9424
2307
2360
0247
4422
6578
5825
0141
2994
0090
9339
6862
6817
6490
2718
5089
6331
5948
6958
8423
4258
4200
0636
7155
6907
8948
9148
5594
1856
9659
1622
6195
4278
8725
8793
0480
6587
4861
9359
0613
7803
3557
4696
6527
2829
0549
5332
2526
5432
2224
4008
7253
8863
9181
1884
6057
7071
5499
6152
0510
8115
4397
6147
6790
5668
7955
7050
2146
5504
6141
1670
4988
4600
5783
0133
1690
2950
6640
0594
0583
9976
5883
5156
5902
0013
5879
7019
6343
1123
3977
4140
7352
8237
3011
9603
3108
0817
1810
4256
0253
0440
6087
9910
3484
3386
0566
8770
4169
5540
2215
3913
7160
0335
4962
1942
2612
4229
2652
0302
6796
7589
9345
9342
0440
4806
2306
3316
7429
8027
9639
7975
2493
6302
0755
8028
7133
6210
8105
6159
6837
3440
1079
5336
0158
4893
9713
1264
7414
9144
1526
0868
8680
3103
5291
8806
1451
8418
6858
5865
5651
4510
2018
0659
4436
0100
4121
2736
7532
1893
5216
2737
4176
3708
2885
2725
6140
0082
2620
7441
2618
2802
7705
6759
9976
9866
3516
4897
1556
3129
0977
3690
7749
1297
2648
9136
8855
9561
7294
3356
1255
0497
9678
8515
1031
3824
3588
0384
5118
4380
1536
8678
0848
3572
4892
3205
9984
0760
6836
5051
1188
7420
0163
3405
1225
7504
5185
1004
2391
9171
6391
4287
5435
1498
8445
6765
9695
9299
9320
2903
1082
7433
2987
8535
1413
4953
6014
2252
9526
5357
8861
9251
5900
7163
9717
2809
2955
1657
4533
6636
3910
6228
9619
6172
5413
8060
7882
6995
9612
9428
5185
0049
4455
5809
4047
5007
8563
5381
0798
1276
7089
2926
4490
9281
7915
6042
1486
5703
2893
1447
6724
4490
8566
8508
7227
6182
6689
2974
0465
5276
4466
8524
1734
5382
0906
5734
0086
9843
3685
0744
4313
6522
0900
8908
8855
9105
4432
0196
7722
4641
5842
1688
7778
4843
9772
2950
8465
1677
0997
7129
3152
8318
9008
1064
3985
9191
7238
8679
5940
7143
7540
1309
5195
3940
8045
9129
8459
4152
4417
8098
0237
8243
6000
6789
9549
4735
5300
2253
1472
1493
4728
9838
0004
8892
5157
6764
5488
2183
3313
6045
7765
2026
7198
9651
1408
7353
9671
0428
1778
7492
3099
9923
4604
2410
5070
8683
7516
0609
2085
8739
3599
9764
8960
2055
3818
7800
8086
3090
3836
0283
3386
6632
0270
6129
5113
4808
8359
9477
6069
7831
6001
3257
2386
6692
5660
8788
5905
9358
8829
3827
2169
6454
5263
8394
8782
4009
1946
7578
1563
9782
5044
8404
2615
0522
1754
3554
1914
4053
6681
6225
8313
8372
7983
4851
0781
7759
7661
6737
2222
4305
7275
2266
0034
4263
8283
8001
5392
4949
2078
8512
8848
1713
3247
8197
9682
3251
3951
9215
2706
2674
3359
2392
3562
3353
0048
4901
1330
5856
7907
6208
9116
3654
0621
5315
1592
1634
6811
4883
5424
6519
5384
1335
3276
6314
9790
6656
7908
1622
9877
2342
0747
9007
3098
3637
0054
3131
2323
4857
8320
1823
2163
9047
3512
1310
2417
8922
1896
2722
2733
1303
6394
2826
6056
3641
3232
9535
2899
7085
8519
1938
8427
5581
2311
5937
0458
1950
5918
3031
5464
6407
6334
7863
3406
9516
8122
5240
4251
7954
0263
2083
9515
8118
4309
1227
5862
4868
1617
9646
9170
1599
6228
1085
0653
8957
0412
9026
4079
4185
5499
7291
0290
3578
2670
2276
9662
6494
0521
9569
3374
2080
4426
2328
5606
9367
9491
9637
7815
4445
5846
3559
9423
0959
1740
5673
1993
8339
8582
3259
6949
7389
3445
6569
6073
9163
3329
0366
0203
5016
1055
4363
1798
3098
5092
5804
1710
5449
1172
4223
6951
0006
1449
7497
8352
8855
4659
8034
2868
2589
5797
4930
7173
0733
5762
0820
0858
5340
3759
6750
5673
2662
0439
9201
6165
4878
8906
2653
3729
3559
8701
3958
2055
2863
5612
8370
3532
9997
2470
6900
2501
9565
1180
5425
2495
8969
1927
5974
5030
0599
4489
6945
4351
3471
9513
2085
6128
7275
3617
6167
1548
8590
3559
2631
4277
0502
3961
9302
8783
1234
6524
8452
1423
9073
1301
6660
8756
2086
3673
5948
6139
8541
8585
2356
9334
7400
1536
1802
5948
4759
3440
1873
9587
8380
6442
9191
8385
7937
0517
9010
5166
6750
4813
4922
5956
1011
1163
0598
6498
3547
4334
6988
3486
1892
2450
0768
9668
7279
9968
5853
3864
2870
9407
7658
8275
5908
1674
6884
0507
5306
8219
9517
4289
0731
4837
7288
6493
6002
1633
1236
5841
4492
7050
7648
0313
5362
2323
8841
0779
9763
3265
1377
8892
2872
4928
6940
9485
7284
7894
6412
7555
5799
2974
8029
4384
7536
6085
7117
7328
8201
2153
5424
3690
3519
6907
0334
7021
1027
4274
3974
6740
1094
9789
7580
1644
9092
9075
4627
4098
2815
5252
5471
2950
8875
0136
7603
2960
8476
6723
0164
5251
1226
1888
6622
7434
4149
7537
6260
6628
5418
9384
1958
7880
9016
5732
2809
6619
4933
5538
0919
9889
7492
4538
8603
1814
4314
3037
8882
3434
6823
9467
3007
7276
4364
1571
7859
0054
7556
2772
9000
1630
4952
5565
6209
7986
4840
5008
4474
5461
2253
1495
9653
2951
2295
1250
5903
1215
1548
5795
9884
7630
1978
6858
9312
7838
2827
1241
0598
1171
6501
1510
6414
2145
0985
0738
4523
8153
7359
1930
8295
8913
6750
6380
9450
3557
3712
9712
7074
3667
5176
0194
0848
4750
4994
2017
1820
5106
5707
1117
1006
0290
1729
9706
4984
5398
6924
9951
0568
0766
0520
3105
2629
2629
0998
9348
6253
2392
6215
7379
3367
6490
9789
5099
9341
2096
1165
9005
3108
9848
5130
7742
0827
4166
3077
9470
0540
8182
1654
3576
4880
3109
1498
9612
2820
6880
2381
4145
4181
8027
1567
3770
2767
9259
2521
2175
6835
9891
2584
6366
0093
6298
1275
0146
6719
0167
1295
8863
3543
4364
5380
9436
3351
1965
2810
2972
2480
8631
2576
4914
4971
8732
8791
0339
8323
5522
4390
0894
7762
9309
1932
9640
3656
4627
0058
2036
9840
0219
7697
4209
5325
8346
1746
1528
3317
2941
8930
3914
6289
3570
2088
7880
9408
7736
5190
7021
1110
0855
0413
9814
7486
8324
7588
3015
4490
8641
8088
7004
5024
8345
5847
1056
0983
9061
3290
3102
5462
2644
0944
5855
2724
3158
0879
6574
8751
6642
6956
3593
3828
8552
5708
7260
6998
0889
5934
0249
7225
7804
3999
5246
2353
0910
3233
6940
6910
1218
2715
5333
9544
2948
2652
0495
3817
2753
6668
4530
2167
2213
9117
9808
8650
4967
5946
0118
7994
6666
1843
9407
0688
0699
0542
2442
5606
1068
5689
0030
3246
2930
0015
8675
0776
7319
1039
4527
2810
9265
6919
5395
3215
9978
6462
6781
4626
4630
0455
6720
6746
7368
0615
5993
1171
8839
2289
7412
8587
9181
7858
1477
4989
5518
9859
8666
3621
8404
0328
8483
4955
9647
7005
0847
0899
3834
8203
9595
2614
5003
5814
7864
4007
6662
3314
6194
2436
7582
7775
2541
8040
6844
7336
9638
8978
0895
5051
5318
4132
9783
1526
3793
9584
2343
7628
7113
0720
9740
6212
9511
7193
2330
6825
5861
5640
6447
4862
7097
5656
2936
2566
6693
4626
3482
2976
3402
4406
0662
4557
2369
8958
8387
9307
8850
7410
2405
6058
9334
9031
0065
6696
6173
7421
9082
8610
8017
8665
1497
7069
6912
7922
6539
5237
5891
2463
1876
5962
6134
0853
9378
8649
3424
3135
0906
5700
0065
9501
9245
2085
9192
6195
3326
1202
2647
5068
3614
1904
6863
9123
6178
5195
2668
8800
1112
6488
6159
0006
8465
8444
7127
7995
5360
6101
1094
7415
8161
2702
0667
6211
2048
2014
3968
3711
6811
3558
0902
1686
2664
9481
6833
1689
9974
1312
4675
9683
1688
1979
6901
4814
5285
0352
2745
8070
9582
9348
6723
1058
4122
1650
8950
4952
5786
6002
8552
2611
9218
5683
4426
9130
7212
5416
8654
6906
8929
0372
2801
6011
3817
4374
6907
9239
8561
0242
7189
6454
7151
1785
7740
9179
3837
3455
4640
5357
5435
2415
3475
2848
6172
0001
2929
8485
4078
5179
3611
6728
2588
1133
9414
8339
4953
8330
9338
5345
1339
4258
2537
2471
5453
8568
0585
8724
6442
0201
5587
8410
8914
7036
5722
9045
6315
9783
4321
0337
5052
7762
5870
8256
7218
5567
4652
1306
1226
2048
0664
4508
5584
0551
2244
2496
0034
4662
6227
6844
2367
1780
1631
7184
4724
4160
4307
0729
6872
5543
7234
1017
1418
7534
7536
3687
4447
4835
0503
5204
4267
5539
9009
3441
7801
2810
9226
3108
0551
4134
6829
4681
4657
4752
5462
2349
0250
1716
8402
2652
6930
4909
2411
8873
5282
3304
2568
2128
9435
0615
3463
4448
9514
6374
7182
6446
9073
3494
7959
9636
7042
9084
2140
4350
6510
8601
7139
3009
9130
0884
8178
9769
6156
2347
3848
1248
6550
8760
9850
8575
9266
6064
1079
5347
3031
3850
6665
4267
6217
6777
1776
2784
6280
2849
4159
6357
6169
0893
6609
3022
1739
0013
1564
1631
0983
5986
4151
0337
0408
2426
9386
6907
3989
4999
2513
7626
1654
0987
0900
1789
6678
8614
4420
4850
3556
4022
7355
3394
0369
8988
8424
3731
6082
0895
6766
4830
9067
4778
5417
0240
5891
2282
8117
4840
3507
8462
4038
7450
2312
8544
6022
6909
4507
8932
4176
3200
1970
4725
6429
7738
2936
1426
7818
6754
1300
8510
5040
9427
6199
3907
8696
1191
1624
2532
0470
6810
0102
2589
1986
5183
7437
0480
4370
4629
5455
9707
0519
2790
8503
0835
1866
5392
4384
5764
3757
3775
3465
6087
4915
3749
0118
2994
8905
0770
8073
7401
0077
2012
4348
7911
9758
5959
2262
9602
8462
9170
7385
6370
4515
1620
6850
2889
9722
6293
7767
6073
9326
4230
7344
0266
9144
6463
6877
4196
1184
8735
3504
5158
4914
6157
6600
4784
3404
3012
0200
5353
9251
4289
2246
5718
1610
5919
2723
1408
3659
3877
1627
3068
5023
1247
6144
1673
9628
5870
7522
0977
0097
6832
4433
8985
4058
4904
8525
4087
4593
1914
1532
1795
0237
0235
2625
6025
9541
7228
8232
9421
0402
1919
7271
4768
8176
7601
7705
9661
0501
6694
7184
8289
2209
2577
8683
4702
7784
6940
5522
3817
5316
4729
3528
6618
7728
0367
9392
4899
3931
6416
9165
4248
6631
1657
4244
2098
3945
9512
8619
3943
4545
3267
8935
6615
4866
9585
0399
5930
9070
3248
1261
6008
5000
5761
2926
5114
7235
4282
6664
0981
4778
9627
9994
6595
4529
1541
7204
7148
1387
5547
8730
6804
8170
9545
3693
4646
6292
6377
0818
1887
4391
9786
9704
6632
4442
9919
0781
1770
6913
0286
7294
9196
9956
0197
9870
2588
1091
5440
6394
5678
3240
4011
1137
8405
3229
6321
1449
6541
6475
5461
2862
7945
7432
2550
7750
8730
3408
1904
5168
2272
3093
7807
3795
2598
8265
9516
0645
6298
0622
6274
2577
7646
8875
5594
4897
4832
6557
2314
1626
9288
6562
7145
9996
2282
8137
1245
8270
0661
8283
9256
1043
2144
2168
0316
8223
4339
5030
0186
8755
4578
8669
4463
9627
3996
8077
5883
5335
3769
3089
9755
5848
1086
6265
3135
1016
9609
0626
9341
2479
3490
8188
9599
0057
5370
9809
9753
2263
7390
2202
2849
4440
8441
9848
1453
8561
5111
8508
6239
6793
9804
2813
9666
9335
6963
9467
6583
7686
3458
9160
6722
2114
1476
1290
3580
8986
9406
1311
3354
9131
8641
8714
9137
8975
3712
5404
1014
6011
3019
3224
1308
1661
5252
6917
3662
8883
1983
1966
7569
4951
0552
4193
4671
6523
7887
6965
9219
4678
4184
0186
8799
4966
6593
3504
1557
0575
0333
4789
5821
2726
3972
5334
2744
3811
3809
5234
0355
9682
6011
7642
9874
3402
4047
1141
3508
9882
2893
5406
2929
5441
7743
6972
1412
0876
7680
0846
8321
0400
1980
7748
5055
5901
5341
2293
6548
4605
3618
9947
3680
4400
6456
9987
9712
5136
2421
8141
1527
6630
3603
0658
1362
6567
8187
1257
4453
9958
3812
3691
2124
5133
3163
1633
1254
9423
4067
3696
5043
0452
8306
0965
0947
9782
1955
8573
7536
1595
8227
2239
6948
3754
6724
4843
2300
8259
7171
0231
5967
3509
0567
5989
3678
2257
3796
1947
3843
3403
2688
0237
0557
2629
1860
2366
7889
7921
3743
2270
1735
4730
2321
8505
9561
0115
0818
1774
2105
3685
2373
7928
8141
0021
6506
4519
4314
1521
3484
5207
2932
1173
7291
6712
2407
3422
2293
5627
5784
5244
0416
3426
3996
0704
1248
8338
9304
8700
1959
5749
6726
2332
1784
8252
9854
8284
6126
0788
2867
5094
3029
5447
9612
0221
7843
5407
2082
3482
3984
4521
1580
4467
7095
0804
5308
3718
4019
7575
2452
9534
0854
9817
2298
7595
0640
2392
5960
9819
6668
4759
3490
1424
4117
8765
5262
8036
6881
2786
6359
4245
2319
4841
9013
1049
7411
6547
7185
0065
5820
3051
5574
6750
4324
0478
5583
9182
6916
1624
4480
7522
9899
1003
7061
8074
3866
8177
3252
7104
5985
9605
2083
2562
0095
4777
7812
0561
9900
7308
2766
7415
9871
2471
0227
9787
4738
2925
7098
0759
6365
8984
0060
2627
6910
7161
9201
5387
5280
9587
0960
3261
7529
9152
1446
3585
4877
9429
2592
7692
5555
2000
8981
7157
3293
4062
3610
5855
6201
6096
7313
3648
2276
2610
7673
9939
9443
7325
0923
9850
5314
3280
5654
5759
1395
3720
0790
8798
2801
5243
6149
4660
0002
7853
8696
2089
0176
3493
8804
1778
6238
9138
2046
8835
2516
2886
1310
5612
5233
1715
6007
5566
7399
4503
6081
7699
8914
0501
1543
6394
7308
7955
1842
9837
9763
5681
7119
3052
6460
6812
0075
8569
7932
4851
9856
6140
4803
8172
6499
3183
2894
5564
4723
2992
0663
8608
5003
7569
8999
9568
6602
6441
4994
8538
5737
0792
0050
5614
0517
7447
0499
4677
2031
9510
2139
0854
3220
3276
1755
7992
7163
5948
7705
5710
8873
9913
6829
8298
7016
1186
3093
0631
4586
4906
3242
0632
5742
2391
6577
3664
5555
8899
0402
8446
9462
5324
1569
5576
3456
0703
8222
3792
0340
5465
6512
7616
5367
4193
7935
9158
4415
5158
5320
7029
2729
4472
9276
2024
3216
6425
8296
8740
5329
7637
2315
8177
1636
5861
9789
2474
3379
6027
3488
8636
0615
6034
8049
5100
2414
3317
3187
5818
8914
2188
3333
9171
2047
3001
7081
3122
2628
2804
7045
9982
6182
1751
2143
2804
1703
9491
1485
6230
3816
3752
7335
3002
1499
3815
7351
0067
3614
0929
8054
1562
9852
3702
8121
3573
5173
2642
1712
8809
3728
0525
3845
1143
5740
0342
4182
2689
7445
9106
3096
1475
7760
4777
0418
0852
1117
7771
7197
6210
6684
1215
7347
1862
9538
6314
9036
2700
0260
1807
7680
5798
5998
0999
6239
4374
4636
0899
6734
6554
2842
8303
5537
6105
3702
2984
7814
1468
9852
5570
5613
0170
2756
2082
1753
5750
0155
7577
1077
2797
4480
6850
8597
3816
0984
4091
7604
1853
3532
7263
4487
2339
4785
2840
0119
5811
7595
5424
7047
5615
2584
8950
8617
3524
5874
4857
2126
7073
3844
5674
3329
2091
8925
2582
0679
3058
1271
3759
3233
8452
6012
6816
3448
4082
6683
7682
4200
6320
5075
2870
4804
7654
9984
4903
1087
7601
1760
5762
1139
4888
2159
3556
5019
3708
2220
9561
0870
8288
3837
4116
7678
0291
5916
2159
0437
9079
6974
8037
6743
8749
8002
7611
4270
0551
5440
7558
9539
7011
7010
3952
3212
9473
9656
4485
1918
8564
8650
8341
1081
5619
1093
1879
1269
1183
4476
5985
3671
4672
0633
5849
5654
9906
0040
6498
5837
3439
2672
7565
0127
7698
1173
1845
2112
6274
6261
2685
7500
2743
8561
7163
6810
5318
7797
3058
4831
9622
9060
6211
8384
4799
6148
9884
8340
0379
5479
7973
4911
2559
7061
7250
4466
5396
8860
7608
7122
8014
3192
9031
8111
8805
6159
2124
3231
3980
3755
7970
5085
4824
0775
7314
6366
3485
7598
1384
7223
5858
9452
3316
7207
3852
5075
3320
7045
7148
7274
2671
0249
3572
2459
6195
5324
6283
3629
2572
3035
0208
9716
2276
5478
0340
5318
8254
0498
5596
1611
6541
3314
8266
8730
7192
2497
0716
0651
3896
2823
5299
4947
4354
3919
0911
2058
6426
5893
2378
9346
0844
0287
3805
5143
0318
0420
9567
1289
4071
3774
1148
4044
1768
5458
6942
8365
5595
3851
0903
9265
2616
7916
1494
6700
7109
1435
9859
4036
9046
8816
4698
0790
4116
6895
5586
8680
3241
5938
5703
6191
6445
1839
4292
6651
0571
9104
5425
3286
9406
0197
4254
8677
6230
1008
7380
5147
8463
7998
1650
2255
0705
7161
8912
3497
4424
0630
5308
8560
9233
1372
9128
5192
8426
2469
3926
0225
6413
2603
9910
8502
9367
8404
7062
1385
4968
3301
3884
0637
0794
6542
2470
3347
1652
6927
1750
1178
0935
0336
5961
8841
2054
8773
6310
2607
8740
5209
9305
6665
1535
3832
8694
8871
6892
3647
8998
1774
5527
0104
3054
8531
2817
3261
9883
3051
8431
9366
9722
7311
3469
4117
8704
6367
8324
0662
9270
4326
6690
8259
6928
7445
5466
7447
4775
7170
6160
1918
4870
1569
1572
4345
3642
4708
7353
7587
3527
8050
4714
8835
0094
0250
2857
1791
4743
9069
2546
8864
2740
1377
1610
3313
3899
1591
7020
1387
1894
0792
0458
7113
7591
4252
7395
8666
3930
3037
4837
9652
0762
5918
1359
6009
2096
6409
6242
3449
8076
8984
9562
5346
3214
1325
6401
6250
7812
9922
9577
0381
3617
3620
2082
9528
9639
0361
9430
9467
0499
8346
8964
6304
9654
9991
6002
7781
9192
2193
0102
2170
8640
8608
8778
0541
4524
1650
2005
9248
2570
3427
1256
3485
9134
9765
3072
4003
8554
1185
2900
8852
4570
2756
5213
8392
9809
9995
0423
8265
8206
2471
5729
0701
3634
9951
9462
4298
3524
3060
5225
5887
7032
9138
8325
5612
4634
3050
1055
1787
9084
2595
8846
8712
6450
0535
5130
5382
9857
5947
0500
7704
4777
6369
4434
0451
8255
0615
4468
9013
0761
8388
3616
9989
4807
0279
1201
8477
4560
5090
5935
0152
8657
6261
6073
6209
5563
9524
8284
4542
2243
5140
6925
3663
6545
2846
5697
7027
7716
2745
5791
7895
6426
6178
1204
6591
2678
2130
4383
7891
0188
1011
4681
4772
5868
1551
0596
9337
0064
9488
3146
8127
3557
7210
1120
9744
5104
9007
4773
8300
5551
4231
4842
8829
3008
3597
1131
9692
5923
1847
7548
5506
5106
0401
4565
9394
2377
1912
2507
4794
2568
9176
5078
8995
3737
9043
1089
3412
8393
5257
3539
5074
1710
9089
4550
8841
9122
9965
7710
6912
2540
6438
3462
9012
8089
3411
4569
5673
1296
2747
3870
6538
6955
9237
9655
6666
2614
5151
9536
6413
7904
8247
6855
4152
0202
8929
2102
3778
0823
3790
3169
2847
1343
7469
2666
7354
2150
1609
2820
5145
4382
8281
0609
8704
2506
2290
0406
9661
5830
7428
9836
7323
1512
2623
7661
7519
4798
0700
8196
6958
9713
1218
1374
0837
3361
0538
8087
8736
5462
9378
3694
5496
3018
7754
3497
3422
6407
0950
1310
7612
1808
5504
8239
7500
6984
1042
4278
1427
2942
6211
5876
0318
7489
0633
2513
8207
4839
7369
9793
6240
8582
7518
7108
7251
4844
3357
8845
3396
4523
4161
2509
2394
1682
7994
3809
3005
4006
6091
3709
3059
1306
3718
2351
7927
2308
0075
9589
0477
2198
8227
9559
6532
5776
9260
9605
0760
5136
3725
1510
9578
8476
8440
1685
4244
0727
8852
9649
9535
6722
1622
1899
0072
9695
2561
0441
6031
4640
4986
6499
6977
5643
9456
7679
1203
5724
6764
3461
3548
7504
8706
1280
5593
8964
8679
7592
4150
2676
9585
8070
1324
4972
9313
5558
3621
5318
9773
8130
0423
5054
1185
2360
1895
9133
1117
6630
5490
1045
9886
3163
1956
3010
6510
4742
6611
1058
9635
8718
0535
1016
1381
2585
7622
7351
7832
8993
8273
2359
5014
4444
9318
3680
1409
1354
9112
8698
6006
1471
7176
6326
1385
0018
2941
1161
1013
5847
6555
8687
9330
8512
7219
9631
4356
6428
3268
9790
1483
2539
6415
9763
8630
2150
8823
0319
4749
7382
4650
2450
0559
2588
1376
7618
7721
3602
8073
6789
1749
2292
6614
5617
6761
3011
4485
1375
1620
2195
2863
4099
9862
4273
5961
4910
6488
1661
0631
7047
4116
6467
7225
4217
0001
8829
7294
6544
3925
6725
3938
1440
4052
9129
1891
5330
9362
6380
7956
6320
6721
1744
5385
4382
3578
4757
5584
9001
0546
8611
4930
4885
1826
3123
4447
1415
1820
1564
2069
2282
4052
5765
7817
2387
8429
8629
5261
5124
7573
9476
5461
8095
3465
1126
3491
6250
2470
5811
6815
6933
7287
2589
8272
2923
8184
7982
8828
5265
8522
3344
0324
0577
9457
3943
8833
8998
3468
7528
0038
7701
9291
8616
5759
9515
2204
4724
4590
8522
4347
4993
8453
7942
2450
7851
9389
5856
3937
8444
3543
9516
8074
2739
9915
3337
0060
5030
1531
7920
7369
8749
1219
3345
1623
0267
6609
1494
4115
6864
7977
5687
5308
7026
6129
0318
3114
7636
8429
9808
7157
7116
4682
5263
1787
8188
5100
3462
0913
8411
2347
2351
4003
1771
8701
7129
4808
7902
2769
6386
1561
4303
2123
0429
2713
8140
6847
9832
3985
3432
7426
2841
3992
8599
3362
4933
8779
7298
3247
4435
9364
8663
0475
2344
2951
1556
7833
2539
1829
0704
8625
0243
0193
8351
5189
1509
7400
1770
1536
6018
4217
1397
1104
8569
9496
1807
0167
5768
5731
3778
5985
2054
6354
0544
7763
5974
1677
2311
0650
7229
7294
9907
4700
0020
4261
0156
0204
3802
3252
0068
2807
5839
7530
6896
3535
6406
2644
1733
8481
5364
2784
1983
6493
0074
2080
4982
3287
6016
2949
3806
5118
6220
3699
8095
4681
3701
3996
8542
3243
1085
9755
8871
3981
9155
4953
4683
7503
7398
4458
2326
9701
3905
1534
3670
6525
1588
3480
8700
9468
3788
4952
5027
2965
8701
0221
5487
6128
8065
4628
7337
0119
9059
0557
6549
7921
8041
5479
7886
5856
9356
3666
7787
3357
9575
8806
1687
7138
3307
5282
5599
1079
0088
1567
7947
1029
8456
7979
0162
3141
7354
3815
9156
2461
8483
1388
5033
7381
8634
4554
8960
5902
3857
1555
1365
1830
3211
3323
4119
1808
1050
9415
7615
7341
8179
8675
1659
3918
7026
6255
6401
9277
7866
2340
9988
7767
7721
7147
8882
5337
6657
8348
8754
9764
0188
5951
0193
5369
6740
3417
9248
8069
1563
7155
2515
8970
5669
0736
7694
2495
2335
8092
7118
0361
0396
3138
9866
4339
1124
0612
5923
7660
7061
4623
9483
4056
2033
1082
4983
3340
4615
2733
7821
5274
9652
3627
0378
5960
3915
4685
2262
3272
1147
8358
7415
7957
8921
4094
5964
5881
7041
8238
0253
0198
3562
4483
3290
0398
1537
3316
1980
6883
6438
7597
2414
7810
8360
7466
0639
9727
1583
1690
3831
9916
0765
8768
5106
5123
9432
9887
2376
1031
4308
1953
1269
1681
6396
4421
0673
6521
3630
4781
8282
9653
8597
6914
2129
0180
9503
4672
9722
9909
4599
9742
4231
8060
9887
7432
2578
6577
2861
2425
6207
4267
9003
3329
9711
3157
8882
1997
8614
5408
7800
5626
9410
5801
8475
5351
7824
4091
0923
1471
9190
4003
8965
7382
4746
4340
4962
3791
1559
6181
8768
1939
7236
6427
9040
6737
5868
6010
0561
5460
0708
8106
9528
0575
5593
6568
5689
1602
8059
1400
5664
4508
3749
5217
0697
6115
4230
8038
6133
5221
1404
2117
2611
1776
6344
8107
9766
5940
6642
5885
9203
6200
0642
7514
0395
0404
4588
0450
6050
8330
4203
8542
1230
0643
7317
3781
7761
8194
9361
3047
2620
0557
1578
3434
7497
3871
5940
0823
6218
0569
0389
8655
2932
9025
6099
5580
7398
1260
5608
9690
0401
6263
7574
1287
7044
8195
6705
1050
7549
3109
1470
5171
3263
4708
9286
1364
7619
9783
2370
3321
9441
3310
2701
8945
6545
5159
1076
7146
1573
2659
4648
0016
1080
4415
9514
4656
5391
8660
0004
9391
1550
5799
3629
6440
4105
8693
0769
6188
9077
5338
9223
9558
7182
2848
4738
5636
5008
0975
6594
6561
3797
3280
6901
3533
4013
5189
8122
9249
9058
0696
4111
9793
8048
5235
1404
8523
6132
9643
7778
7483
7081
7446
9483
7450
1172
9852
6994
5015
0077
4064
7485
2713
0339
9419
9143
9931
2266
0339
6380
9921
4421
3750
5479
4799
0982
4357
1529
9436
8240
1665
7960
2583
0624
6239
7947
7425
6752
2388
0392
0745
0550
6459
3395
7947
8460
2535
5749
8667
8277
2701
1313
4259
6952
8944
6510
1844
9011
3552
9395
6253
2200
3905
9180
7187
6296
1389
0981
5899
3108
1522
1967
1129
0253
4826
6884
7186
0983
1145
6401
1699
5730
9298
1758
3394
8382
5658
7635
9642
5354
9110
5016
0177
9967
2180
5538
6758
9150
6742
7158
8877
9433
4962
8192
7768
4117
9057
1567
6871
8267
5518
5068
9102
8952
1433
3591
1818
3337
8477
5866
4514
0261
9104
9727
6796
0203
7611
6184
9662
7732
6501
3844
5267
5536
6756
2016
9728
4041
2948
5830
7231
2006
7274
5065
5292
3464
0606
5244
8026
3463
9787
0396
1922
7643
5787
8069
9076
7450
8976
4243
0176
8588
2757
2558
9123
7294
3906
0215
0184
3437
0544
6249
4178
3456
2257
7359
2724
9660
4957
0283
1189
0835
7026
9211
9655
0322
3867
6419
1887
9204
4919
0932
1741
3075
2059
8955
8646
7833
2729
5282
8640
1823
7723
1781
2759
3369
9470
1818
2672
6686
7257
2970
2626
2478
1828
7053
1397
6238
1118
8390
0965
3708
0539
9379
7513
1681
1543
9351
1908
9282
8452
1280
4824
4924
3954
4380
2660
9648
4510
4104
4519
2470
0325
5948
6882
4143
6650
9806
4650
2028
9069
4583
4868
6765
6235
1516
3403
9690
5739
0801
9075
1739
6789
5408
2558
7523
0472
5631
8519
7956
2479
9496
2327
0793
1259
4527
4785
7949
5001
2204
6585
2529
2524
5495
4907
3436
2986
1743
9769
7629
9302
7224
3690
7955
7101
6170
0813
2894
4935
5914
8964
1906
5527
3442
9938
4709
1310
8938
8203
1069
7250
5490
4946
8209
4096
4019
1971
9952
9330
5436
6858
0667
0756
8346
1471
5255
7365
3460
9018
6396
3630
2923
9987
5153
1646
6902
1854
7468
5397
6744
8699
1259
9438
5884
6786
7699
8229
1517
3588
2158
4525
2585
2015
5460
0128
7185
4122
2243
7539
8258
0483
9000
4590
8357
8884
4270
5523
2242
0326
9775
1029
8063
7897
7285
6741
3843
4566
2477
9604
2137
8896
0898
0080
